0	-0.0613413862789051	0.0390817074045334	-0.0209682871073498	0.0613413862789051	0	-0.104237628432637	-0.0966443155333911	-0.0390817074045334	0.104237628432637	0	-0.168602611088183	0.0209682871073498	0.0966443155333911	0.168602611088183	0
0	0.0773513653873813	0.101297127031355	0.0269270610815734	-0.0773513653873813	0	0.0352289521962652	0.0733010989897721	-0.101297127031355	-0.0352289521962652	0	-0.158986102818225	-0.0269270610815734	-0.0733010989897721	0.158986102818225	0
0	0.0865236550347563	-0.0900021223651092	0.030806837188233	-0.0865236550347563	0	0.00776468838676312	-0.114189471528804	0.0900021223651092	-0.00776468838676312	0	-0.0424825971786486	-0.030806837188233	0.114189471528804	0.0424825971786486	0
0	0.0752889452093168	0.054971668497779	-0.152643643780039	-0.0752889452093168	0	0.0713616422683401	-0.131735521182488	-0.054971668497779	-0.0713616422683401	0	0.0741094477227376	0.152643643780039	0.131735521182488	-0.0741094477227376	0
0	0.189743598824527	0.120980330326048	-0.0401856408004141	-0.189743598824527	0	0.127288953153562	0.0808663934354875	-0.120980330326048	-0.127288953153562	0	0.0785187485203517	0.0401856408004141	-0.0808663934354875	-0.0785187485203517	0
0	-0.033464019634026	-0.136166356812056	-0.124421156407558	0.033464019634026	0	0.168088283185501	-0.0847473733053639	0.136166356812056	-0.168088283185501	0	-0.179209465579238	0.124421156407558	0.0847473733053639	0.179209465579238	0
0	-0.0244127434292717	0.192723364748503	-0.170557441706352	0.0244127434292717	0	0.126551301227645	-0.121007283456521	-0.192723364748503	-0.126551301227645	0	0.0711375743912455	0.170557441706352	0.121007283456521	-0.0711375743912455	0
0	0.232355223333594	0.114946585484483	0.167736819613248	-0.232355223333594	0	0.0412715022129063	-0.190074629386142	-0.114946585484483	-0.0412715022129063	0	-0.088774867092718	-0.167736819613248	0.190074629386142	0.088774867092718	0
0	-0.213388902311265	0.207347404025667	0.212463314419244	0.213388902311265	0	-0.0541156155247674	-0.0203644518013201	-0.207347404025667	0.0541156155247674	0	-0.0340929843474789	-0.212463314419244	0.0203644518013201	0.0340929843474789	0
0	1.70898718606476e-08	5.84653511022156e-10	9.08461609434427e-09	-1.70898718606476e-08	0	0.0403345421174047	0.297005967463538	-5.84653511022156e-10	-0.0403345421174047	0	0.0662774708985941	-9.08461609434427e-09	-0.297005967463538	-0.0662774708985941	0
0	0.0993490726654279	0.117288104370658	-0.0569981458124949	-0.0993490726654279	0	-0.0352849378626027	-0.174774273727237	-0.117288104370658	0.0352849378626027	0	0.0382296487790246	0.0569981458124949	0.174774273727237	-0.0382296487790246	0
0	-0.143747989221884	0.00448481184395078	-0.210440829271839	0.143747989221884	0	0.0982928705797055	-0.127354328713998	-0.00448481184395078	-0.0982928705797055	0	-0.0845918843135292	0.210440829271839	0.127354328713998	0.0845918843135292	0
0	0.205930152556249	-0.0583331638787944	-0.0250990890444443	-0.205930152556249	0	0.151387521894777	-0.119478498044847	0.0583331638787944	-0.151387521894777	0	0.0522956260487993	0.0250990890444443	0.119478498044847	-0.0522956260487993	0
0	0.141498931518564	-0.1617659421489	0.0561257436041945	-0.141498931518564	0	-0.146520117944235	0.0622247675819789	0.1617659421489	0.146520117944235	0	-0.0130198722636557	-0.0561257436041945	-0.0622247675819789	0.0130198722636557	0
0	0.119355054634575	-0.0594271073212262	-0.0358372391305276	-0.119355054634575	0	0.115318066659656	-0.066694002571792	0.0594271073212262	-0.115318066659656	0	0.14213889607277	0.0358372391305276	0.066694002571792	-0.14213889607277	0
0	0.00650634664801277	-0.00929902395435142	-0.132085946521399	-0.00650634664801277	0	0.145311644885028	0.0261661205242049	0.00929902395435142	-0.145311644885028	0	-0.0307582322100857	0.132085946521399	-0.0261661205242049	0.0307582322100857	0
0	3.11535536631333e-09	-1.71570295536096e-08	4.83105832167429e-09	-3.11535536631333e-09	0	0.290761372213426	-0.0798180977773868	1.71570295536096e-08	-0.290761372213426	0	0.274716351375042	-4.83105832167429e-09	0.0798180977773868	-0.274716351375042	0
0	-0.0627225054863204	-0.00258508716158806	0.0973278152156537	0.0627225054863204	0	-0.164387179581071	-0.107599837761155	0.00258508716158806	0.164387179581071	0	-0.0369676468091206	-0.0973278152156537	0.107599837761155	0.0369676468091206	0
0	-2.71465962346123e-09	-3.45938925467626e-09	-4.94884851710631e-09	2.71465962346123e-09	0	0.0872727659931645	0.0605322803397742	3.45938925467626e-09	-0.0872727659931645	0	-0.233141793741756	4.94884851710631e-09	-0.0605322803397742	0.233141793741756	0
0	0.246764961475991	-1.06038783510317e-09	-0.144254342308968	-0.246764961475991	0	-1.05508589592765e-08	-0.156561444231214	1.06038783510317e-09	1.05508589592765e-08	0	-4.18853194865752e-09	0.144254342308968	0.156561444231214	4.18853194865752e-09	0
0	-0.263503820209544	-0.263580380275766	-0.234623361053477	0.263503820209544	0	-0.154245705803307	-0.00460446353659656	0.263580380275766	0.154245705803307	0	0.132734308254736	0.234623361053477	0.00460446353659656	-0.132734308254736	0
0	7.45263544822976e-09	2.34856077611977e-08	-1.17673191287838e-09	-7.45263544822976e-09	0	0.0808271466330638	-0.134186832110749	-2.34856077611977e-08	-0.0808271466330638	0	-0.263139432115054	1.17673191287838e-09	0.134186832110749	0.263139432115054	0
0	0.0899895102355251	0.0306764532871649	-0.128384782049122	-0.0899895102355251	0	-0.0126691418847231	0.0861693664886968	-0.0306764532871649	0.0126691418847231	0	0.132561707865876	0.128384782049122	-0.0861693664886968	-0.132561707865876	0
0	-0.0818145090900509	-0.139052333208265	0.0451914956168466	0.0818145090900509	0	0.0103793476579394	-0.096533684189889	0.139052333208265	-0.0103793476579394	0	-0.0558327954119247	-0.0451914956168466	0.096533684189889	0.0558327954119247	0
0	-0.213388638512896	0.101364853869583	-2.40637836043917e-09	0.213388638512896	0	0.0294191518745899	1.01268422668482e-08	-0.101364853869583	-0.0294191518745899	0	-1.27838850398331e-09	2.40637836043917e-09	-1.01268422668482e-08	1.27838850398331e-09	0
0	-0.030492809078922	-0.0906376573110798	0.109438546962817	0.030492809078922	0	0.105993295742672	-0.0449735715801205	0.0906376573110798	-0.105993295742672	0	-0.136670848161155	-0.109438546962817	0.0449735715801205	0.136670848161155	0
0	1.66918404548035e-08	1.54906906454008e-08	1.41652839591633e-08	-1.66918404548035e-08	0	0.0644710604818286	0.154133246483056	-1.54906906454008e-08	-0.0644710604818286	0	-0.294636596600277	-1.41652839591633e-08	-0.154133246483056	0.294636596600277	0
0	0.0533731536339368	0.135792451236815	0.0814657221763914	-0.0533731536339368	0	0.0226304738084259	0.167445690104643	-0.135792451236815	-0.0226304738084259	0	-0.0120006007839303	-0.0814657221763914	-0.167445690104643	0.0120006007839303	0
0	-0.0661007040417636	-0.247413976950661	-0.0807336861045369	0.0661007040417636	0	0.19982832637463	0.0449488702138933	0.247413976950661	-0.19982832637463	0	-0.0758221611632053	0.0807336861045369	-0.0449488702138933	0.0758221611632053	0
0	0.0412687873593036	-0.0319747261892644	-0.129247250898127	-0.0412687873593036	0	0.024983203017957	-0.0137833952405416	0.0319747261892644	-0.024983203017957	0	0.161351798298298	0.129247250898127	0.0137833952405416	-0.161351798298298	0
0	-0.0365658420267681	-0.146425008462871	0.104650762071023	0.0365658420267681	0	-0.0634672644175521	0.0663688488454859	0.146425008462871	0.0634672644175521	0	0.148424559966089	-0.104650762071023	-0.0663688488454859	-0.148424559966089	0
0	-0.0450315528518739	0.0925535696098326	-0.00719102638619112	0.0450315528518739	0	-0.125565076386738	0.0620621102359898	-0.0925535696098326	0.125565076386738	0	-0.347747964196535	0.00719102638619112	-0.0620621102359898	0.347747964196535	0
0	0.0546713322191205	-0.0674348346375478	-0.00304774484136682	-0.0546713322191205	0	-0.0601211410141089	0.0211946558692904	0.0674348346375478	0.0601211410141089	0	0.203950981657004	0.00304774484136682	-0.0211946558692904	-0.203950981657004	0
0	0.0972183884953371	-0.152726735579083	-0.0810248339685737	-0.0972183884953371	0	-0.151018299771802	-0.139244719308111	0.152726735579083	0.151018299771802	0	-0.0421487315455728	0.0810248339685737	0.139244719308111	0.0421487315455728	0
0	-0.0515570212879091	-0.0145435069234337	-0.0832477824004257	0.0515570212879091	0	0.135173243577041	0.0654424902423575	0.0145435069234337	-0.135173243577041	0	0.019108235257478	0.0832477824004257	-0.0654424902423575	-0.019108235257478	0
0	-0.0305375752864795	0.0917166204457354	0.0797013868036465	0.0305375752864795	0	0.130108286928303	0.169480197800732	-0.0917166204457354	-0.130108286928303	0	-0.0767917200337244	-0.0797013868036465	-0.169480197800732	0.0767917200337244	0
0	-0.0753589699564397	0.104278442547332	-0.043668380899083	0.0753589699564397	0	-0.0722639267842277	0.114040598934996	-0.104278442547332	0.0722639267842277	0	0.108524082565825	0.043668380899083	-0.114040598934996	-0.108524082565825	0
0	5.09743405251017e-09	-7.66007849420927e-09	-9.55420699459556e-09	-5.09743405251017e-09	0	0.345596300265518	-0.080068498409616	7.66007849420927e-09	-0.345596300265518	0	0.342691885516691	9.55420699459556e-09	0.080068498409616	-0.342691885516691	0
0	-0.0755167466717401	0.158188708854805	0.153896450588553	0.0755167466717401	0	-0.0391088926670016	0.0403623906713451	-0.158188708854805	0.0391088926670016	0	-0.13168686183056	-0.153896450588553	-0.0403623906713451	0.13168686183056	0
0	-0.118839390137825	0.0623534877306938	-0.173441505788604	0.118839390137825	0	0.206033525991486	0.124908485595235	-0.0623534877306938	-0.206033525991486	0	0.0597166963039415	0.173441505788604	-0.124908485595235	-0.0597166963039415	0
0	0.0471584881051456	-0.0256079837452973	0.0458681859540976	-0.0471584881051456	0	0.0108663524566547	0.0094046124630598	0.0256079837452973	-0.0108663524566547	0	0.115531847261392	-0.0458681859540976	-0.0094046124630598	-0.115531847261392	0
0	-0.0779121247495363	0.149906822989363	0.103829494520917	0.0779121247495363	0	0.00552196966291084	-0.0805971733276674	-0.149906822989363	-0.00552196966291084	0	-0.11000761789272	-0.103829494520917	0.0805971733276674	0.11000761789272	0
0	0.0515875943730158	0.0863391360529573	0.2456689269629	-0.0515875943730158	0	0.0614104277433578	0.223087480990702	-0.0863391360529573	-0.0614104277433578	0	0.0809214987883937	-0.2456689269629	-0.223087480990702	-0.0809214987883937	0
0	-0.00987841586574167	0.0803483565270695	0.173874962882373	0.00987841586574167	0	-0.135641513648099	0.0088146865807719	-0.0803483565270695	0.135641513648099	0	-0.0132352018221208	-0.173874962882373	-0.0088146865807719	0.0132352018221208	0
0	0.0173002283384724	8.85332444092595e-09	0.032179589134876	-0.0173002283384724	0	1.11869452854092e-08	0.160995943363196	-8.85332444092595e-09	-1.11869452854092e-08	0	-1.20289734251711e-10	-0.032179589134876	-0.160995943363196	1.20289734251711e-10	0
0	0.0929542821971501	0.16408828930611	0.0395319140628943	-0.0929542821971501	0	-0.183600159664534	-0.0454017913051618	-0.16408828930611	0.183600159664534	0	-0.0496035776383898	-0.0395319140628943	0.0454017913051618	0.0496035776383898	0
0	-0.103630710446051	-0.0650656612285888	0.100339766984848	0.103630710446051	0	0.125050908759051	-0.228232140995806	0.0650656612285888	-0.125050908759051	0	-0.0222182666006943	-0.100339766984848	0.228232140995806	0.0222182666006943	0
0	0.175119005572113	0.0392080001351046	-0.0716696615227742	-0.175119005572113	0	0.20920716549094	-0.109055155934571	-0.0392080001351046	-0.20920716549094	0	-0.0316066866986474	0.0716696615227742	0.109055155934571	0.0316066866986474	0
0	-2.34652641038647e-09	3.33453753054919e-09	1.1609130661912e-08	2.34652641038647e-09	0	0.0807224106239529	0.0856039406450553	-3.33453753054919e-09	-0.0807224106239529	0	-0.0372598137981337	-1.1609130661912e-08	-0.0856039406450553	0.0372598137981337	0
0	0.0338740624283905	-8.20633202989798e-09	0.173027273738681	-0.0338740624283905	0	-3.05351889484576e-09	-0.222183702945467	8.20633202989798e-09	3.05351889484576e-09	0	-3.53063122216541e-09	-0.173027273738681	0.222183702945467	3.53063122216541e-09	0
0	-0.00213115813993748	0.0817264686696875	-0.160066964271893	0.00213115813993748	0	-0.0217572557747536	-0.0758356119214814	-0.0817264686696875	0.0217572557747536	0	0.149563322520194	0.160066964271893	0.0758356119214814	-0.149563322520194	0
0	0.047494278047908	0.0287639460845546	0.111957235523183	-0.047494278047908	0	0.03977061220207	0.180641787164908	-0.0287639460845546	-0.03977061220207	0	0.0960711310033476	-0.111957235523183	-0.180641787164908	-0.0960711310033476	0
0	-0.0737249913116924	-0.148422118684468	0.0694965832322266	0.0737249913116924	0	-0.112619864354572	0.00179657078214336	0.148422118684468	0.112619864354572	0	-0.180667773062674	-0.0694965832322266	-0.00179657078214336	0.180667773062674	0
0	0.220388324167021	0.18038998430067	-0.252443340762866	-0.220388324167021	0	0.0858057762216813	-0.159323019189557	-0.18038998430067	-0.0858057762216813	0	-0.0321213847204645	0.252443340762866	0.159323019189557	0.0321213847204645	0
0	0.0522610608618354	0.0652711120001908	0.0443956425937331	-0.0522610608618354	0	-0.0758164399748082	-0.0153586130836388	-0.0652711120001908	0.0758164399748082	0	0.0260721521931728	-0.0443956425937331	0.0153586130836388	-0.0260721521931728	0
0	0.126283725902854	-0.0177371320283188	-0.129536715499655	-0.126283725902854	0	-0.0244885944203164	0.131808477541083	0.0177371320283188	0.0244885944203164	0	-0.000439474977232469	0.129536715499655	-0.131808477541083	0.000439474977232469	0
0	0.111130694510123	-0.0713940766293025	0.137247699065907	-0.111130694510123	0	0.001780276282546	0.0591661711748382	0.0713940766293025	-0.001780276282546	0	-0.0175758070530608	-0.137247699065907	-0.0591661711748382	0.0175758070530608	0
0	0.203556593765904	0.1376484450072	0.145084825333919	-0.203556593765904	0	-0.117620239738994	-0.0302113627060148	-0.1376484450072	0.117620239738994	0	-0.0329434505167545	-0.145084825333919	0.0302113627060148	0.0329434505167545	0
0	-0.114738912717713	0.00873639858334924	0.0160913523590127	0.114738912717713	0	0.0788057985685795	0.126408202798251	-0.00873639858334924	-0.0788057985685795	0	-0.0942519835493684	-0.0160913523590127	-0.126408202798251	0.0942519835493684	0
0	0.137402152389348	-0.0515944500723191	-0.075379928592598	-0.137402152389348	0	0.144393779444398	-0.081090758630913	0.0515944500723191	-0.144393779444398	0	0.109665144890532	0.075379928592598	0.081090758630913	-0.109665144890532	0
0	0.0864165008419678	0.170069931594182	0.0967559123989848	-0.0864165008419678	0	0.0579081535245194	0.0578849042801633	-0.170069931594182	-0.0579081535245194	0	0.19475518892774	-0.0967559123989848	-0.0578849042801633	-0.19475518892774	0
0	0.0984877790855698	-0.104324898870821	0.0211912220301968	-0.0984877790855698	0	-0.170113331369646	0.0466200685069781	0.104324898870821	0.170113331369646	0	0.140792502809135	-0.0211912220301968	-0.0466200685069781	-0.140792502809135	0
0	-2.50377080300531e-09	-9.9414428942858e-09	5.81758510110058e-09	2.50377080300531e-09	0	-0.0988719799657365	0.291842046905541	9.9414428942858e-09	0.0988719799657365	0	0.173092019025547	-5.81758510110058e-09	-0.291842046905541	-0.173092019025547	0
0	0.114082962673174	0.187857043645401	0.0329290183409391	-0.114082962673174	0	0.127201062655932	0.0409907509001687	-0.187857043645401	-0.127201062655932	0	0.0307828036570502	-0.0329290183409391	-0.0409907509001687	-0.0307828036570502	0
0	0.0902238117207315	-0.101170457992219	-0.0175487193812153	-0.0902238117207315	0	0.103358742786497	-0.0527156364190155	0.101170457992219	-0.103358742786497	0	0.0792149887390176	0.0175487193812153	0.0527156364190155	-0.0792149887390176	0
0	-0.14429052064604	0.0685471945844408	-0.166570402245407	0.14429052064604	0	0.055579930463749	-0.140421013015054	-0.0685471945844408	-0.055579930463749	0	0.112500977687334	0.166570402245407	0.140421013015054	-0.112500977687334	0
0	0.0886521291236921	-0.164725613919924	0.117958799128053	-0.0886521291236921	0	0.0635061373618217	-0.112346892199137	0.164725613919924	-0.0635061373618217	0	0.0972262545186543	-0.117958799128053	0.112346892199137	-0.0972262545186543	0
0	0.0323239657233824	-0.069865054555767	-0.0687204072485751	-0.0323239657233824	0	0.123546074893834	0.0535137211600205	0.069865054555767	-0.123546074893834	0	0.146993084372222	0.0687204072485751	-0.0535137211600205	-0.146993084372222	0
0	0.0619504021791236	0.00598522802510648	-0.0322995176976678	-0.0619504021791236	0	0.0360655857240401	0.089981576425534	-0.00598522802510648	-0.0360655857240401	0	-0.0578843790546527	0.0322995176976678	-0.089981576425534	0.0578843790546527	0
0	0.149586362397912	0.0451429566911491	-0.0397931862706561	-0.149586362397912	0	-0.0938666928174943	-0.376849200882874	-0.0451429566911491	0.0938666928174943	0	-0.1386980923626	0.0397931862706561	0.376849200882874	0.1386980923626	0
0	0.343465983240923	-0.153477185495186	-1.07302878769876e-08	-0.343465983240923	0	-0.241740335897888	1.31655305157366e-08	0.153477185495186	0.241740335897888	0	9.28436256023041e-09	1.07302878769876e-08	-1.31655305157366e-08	-9.28436256023041e-09	0
0	-0.0662122163215546	0.0813306741165714	0.0734864132761212	0.0662122163215546	0	-0.045464707400312	-0.115823134389312	-0.0813306741165714	0.045464707400312	0	0.204315632965103	-0.0734864132761212	0.115823134389312	-0.204315632965103	0
0	-0.0840279536951187	-0.238478574572515	0.0267818896400017	0.0840279536951187	0	-0.113943155416482	0.0255974325590172	0.238478574572515	0.113943155416482	0	-0.146476384644902	-0.0267818896400017	-0.0255974325590172	0.146476384644902	0
0	-5.04414011544035e-10	-1.20793881711861e-08	2.38932952836648e-10	5.04414011544035e-10	0	-0.250592987419529	-0.0351068083537424	1.20793881711861e-08	0.250592987419529	0	-0.00558312007940536	-2.38932952836648e-10	0.0351068083537424	0.00558312007940536	0
0	-0.0281492729720737	0.147862323180874	-0.119302518636535	0.0281492729720737	0	-0.0903806211819119	0.0301429656961102	-0.147862323180874	0.0903806211819119	0	0.198927358443931	0.119302518636535	-0.0301429656961102	-0.198927358443931	0
0	-0.18880469679724	-9.84554702916054e-09	-0.0163331299074977	0.18880469679724	0	5.97229883240956e-09	0.0719185112247653	9.84554702916054e-09	-5.97229883240956e-09	0	-4.94776221262382e-09	0.0163331299074977	-0.0719185112247653	4.94776221262382e-09	0
0	-0.0190026883888562	0.0547762331494427	8.34828657010316e-09	0.0190026883888562	0	-0.0253182797329887	-6.51284767880389e-10	-0.0547762331494427	0.0253182797329887	0	-7.28254785902616e-09	-8.34828657010316e-09	6.51284767880389e-10	7.28254785902616e-09	0
0	-0.148611706732574	-0.0992265597981885	-0.0133204284212371	0.148611706732574	0	-0.0449634673231261	0.0302899722187076	0.0992265597981885	0.0449634673231261	0	0.133856737906166	0.0133204284212371	-0.0302899722187076	-0.133856737906166	0
0	0.0215074043887597	0.0330743866736824	-0.149059592030202	-0.0215074043887597	0	0.228272350255212	-0.14702153468876	-0.0330743866736824	-0.228272350255212	0	0.241334065583706	0.149059592030202	0.14702153468876	-0.241334065583706	0
0	0.20663018992	-0.0740492155315324	-0.221883808042517	-0.20663018992	0	0.128347111499061	0.0132183190286567	0.0740492155315324	-0.128347111499061	0	0.133084819180528	0.221883808042517	-0.0132183190286567	-0.133084819180528	0
0	0.0254726613802267	0.0636290736366827	-0.052507212877267	-0.0254726613802267	0	0.0281295376805138	0.0878285500298657	-0.0636290736366827	-0.0281295376805138	0	0.131020411373031	0.052507212877267	-0.0878285500298657	-0.131020411373031	0
0	-0.0991765723647816	-0.153537740990613	-0.131120462047787	0.0991765723647816	0	0.0134084001084775	-0.040731969103793	0.153537740990613	-0.0134084001084775	0	-0.0193731217582407	0.131120462047787	0.040731969103793	0.0193731217582407	0
0	2.59029914099733e-09	3.7471317670738e-09	8.95287858441794e-09	-2.59029914099733e-09	0	-0.0289939539552876	-0.0935329216096423	-3.7471317670738e-09	0.0289939539552876	0	0.0540972669570254	-8.95287858441794e-09	0.0935329216096423	-0.0540972669570254	0
0	-0.0195095940748976	-0.0383689084213257	-0.0569302422247621	0.0195095940748976	0	0.228817922213734	-0.00528545991672189	0.0383689084213257	-0.228817922213734	0	0.0463987846818903	0.0569302422247621	0.00528545991672189	-0.0463987846818903	0
0	0.0498777941499593	0.00813389693963081	-0.0663900151269626	-0.0498777941499593	0	0.0342935671818052	-0.0385423790306168	-0.00813389693963081	-0.0342935671818052	0	-0.310188637451073	0.0663900151269626	0.0385423790306168	0.310188637451073	0
0	-0.0467639680805509	-0.195292718187531	-0.0295483122447051	0.0467639680805509	0	-0.120336917920272	0.00455692892712327	0.195292718187531	0.120336917920272	0	-0.0714577999519128	0.0295483122447051	-0.00455692892712327	0.0714577999519128	0
0	-0.0255573249152342	0.140793665976937	0.00582686941105609	0.0255573249152342	0	0.0561809289769477	0.154248151798671	-0.140793665976937	-0.0561809289769477	0	-0.0996204037206501	-0.00582686941105609	-0.154248151798671	0.0996204037206501	0
0	-0.125944834760139	0.140294107066246	0.106782305476151	0.125944834760139	0	-0.112398655250912	0.0967861512172572	-0.140294107066246	0.112398655250912	0	-0.083429246085615	-0.106782305476151	-0.0967861512172572	0.083429246085615	0
0	0.0864720107713243	0.0512108621723775	-0.132246962636486	-0.0864720107713243	0	-0.0875295102262807	-0.0184239748945529	-0.0512108621723775	0.0875295102262807	0	-0.0638439465330671	0.132246962636486	0.0184239748945529	0.0638439465330671	0
0	0.100260426582783	0.189328463001799	-0.0698416553743911	-0.100260426582783	0	0.142929835843966	-0.0653356541105793	-0.189328463001799	-0.142929835843966	0	-0.0238124167292114	0.0698416553743911	0.0653356541105793	0.0238124167292114	0
0	0.171839462555448	0.116027239976254	0.0722573011953372	-0.171839462555448	0	-0.0402358267978089	0.152624726932543	-0.116027239976254	0.0402358267978089	0	0.136400685966425	-0.0722573011953372	-0.152624726932543	-0.136400685966425	0
0	-0.0725001840372146	0.0174918479569737	0.105995298356478	0.0725001840372146	0	-0.0569437931127071	-0.10906269713036	-0.0174918479569737	0.0569437931127071	0	-0.0877526063524474	-0.105995298356478	0.10906269713036	0.0877526063524474	0
0	5.61255268320631e-09	2.09095099962588e-09	-4.02783192559511e-09	-5.61255268320631e-09	0	-0.0172214600512141	0.315250077791059	-2.09095099962588e-09	0.0172214600512141	0	0.175317684750959	4.02783192559511e-09	-0.315250077791059	-0.175317684750959	0
0	4.1339472153422e-09	-4.89754256085127e-09	-1.37447162191632e-08	-4.1339472153422e-09	0	-0.0958984008505245	-0.101957349261013	4.89754256085127e-09	0.0958984008505245	0	0.197378914782801	1.37447162191632e-08	0.101957349261013	-0.197378914782801	0
0	-0.32732229756207	-0.023134789510001	-0.0557812687524081	0.32732229756207	0	0.0347011491857916	0.0394869451015582	0.023134789510001	-0.0347011491857916	0	-0.0927771433152233	0.0557812687524081	-0.0394869451015582	0.0927771433152233	0
0	0.0199277416447245	0.144064175183247	-0.223760143565874	-0.0199277416447245	0	0.0950631992269314	-0.144445393905646	-0.144064175183247	-0.0950631992269314	0	0.0231812386154503	0.223760143565874	0.144445393905646	-0.0231812386154503	0
0	-0.107880983570108	-0.149204142567188	0.113516924016942	0.107880983570108	0	0.112957949307126	0.0142667860469213	0.149204142567188	-0.112957949307126	0	0.10171529631263	-0.113516924016942	-0.0142667860469213	-0.10171529631263	0
0	0.105292612700262	-0.220561948618691	-0.2522833003362	-0.105292612700262	0	0.101764994347076	0.0525055213217786	0.220561948618691	-0.101764994347076	0	0.13384498418235	0.2522833003362	-0.0525055213217786	-0.13384498418235	0
0	0.0520404934042501	0.111196681588672	-0.0479209641499621	-0.0520404934042501	0	-0.0522448308776773	0.182966808119917	-0.111196681588672	0.0522448308776773	0	-0.118731223169583	0.0479209641499621	-0.182966808119917	0.118731223169583	0
0	0.105782790696952	-0.00216792876900081	0.119560460754527	-0.105782790696952	0	-0.129168343826356	-0.142119261293483	0.00216792876900081	0.129168343826356	0	0.112581258813176	-0.119560460754527	0.142119261293483	-0.112581258813176	0
0	0.0653250073974608	0.0840574511014599	-0.0454493831752122	-0.0653250073974608	0	-0.133700453976657	-0.10696271061107	-0.0840574511014599	0.133700453976657	0	-0.178110492216134	0.0454493831752122	0.10696271061107	0.178110492216134	0
0	-0.101378659705117	0.374353229386805	0.220113270883589	0.101378659705117	0	-0.127413736923251	-0.113419787787919	-0.374353229386805	0.127413736923251	0	0.142175968072889	-0.220113270883589	0.113419787787919	-0.142175968072889	0
0	0.0219295052601777	0.158620708465412	0.099793492630003	-0.0219295052601777	0	-0.093275640159584	-0.0481002201431708	-0.158620708465412	0.093275640159584	0	0.0765458042879554	-0.099793492630003	0.0481002201431708	-0.0765458042879554	0
0	8.22873578540902e-10	-8.22873578540902e-11	-1.08070729981705e-08	-8.22873578540902e-10	0	0.0307413726969212	0.0996044280981215	8.22873578540902e-11	-0.0307413726969212	0	-0.1904321933068	1.08070729981705e-08	-0.0996044280981215	0.1904321933068	0
0	-0.0967588110191995	0.105786484114014	-0.170676648350982	0.0967588110191995	0	-0.0898215412637447	0.0554893988598883	-0.105786484114014	0.0898215412637447	0	-0.129726082708749	0.170676648350982	-0.0554893988598883	0.129726082708749	0
0	0.0560464150008415	-0.125533723435231	-0.0546434452996935	-0.0560464150008415	0	-0.0897772312182605	-0.0506038292811323	0.125533723435231	0.0897772312182605	0	-0.165300046373708	0.0546434452996935	0.0506038292811323	0.165300046373708	0
0	-0.00886110743539445	-0.0335577625830285	-0.0679494555905738	0.00886110743539445	0	0.106147908076594	0.238394585874741	0.0335577625830285	-0.106147908076594	0	0.0888486937411065	0.0679494555905738	-0.238394585874741	-0.0888486937411065	0
0	-0.208288253913294	-0.0261855297586604	-0.174414836869857	0.208288253913294	0	0.0806751140984754	-0.0332829834381042	0.0261855297586604	-0.0806751140984754	0	-0.0550840305597109	0.174414836869857	0.0332829834381042	0.0550840305597109	0
0	0.137814890811732	-0.0837495195989917	0.220779376690236	-0.137814890811732	0	0.108867969837523	-0.0149341489698103	0.0837495195989917	-0.108867969837523	0	-0.165331041145231	-0.220779376690236	0.0149341489698103	0.165331041145231	0
0	0.199362964092953	0.187582184793429	0.14202593348963	-0.199362964092953	0	-0.0803924611460195	0.129347987522446	-0.187582184793429	0.0803924611460195	0	0.178976025904187	-0.14202593348963	-0.129347987522446	-0.178976025904187	0
0	0.0101619408496792	-0.00680728367626196	0.116528676424671	-0.0101619408496792	0	0.118321039805785	0.0874887551212584	0.00680728367626196	-0.118321039805785	0	0.160226361054851	-0.116528676424671	-0.0874887551212584	-0.160226361054851	0
0	-0.0257604888527779	0.0584193486168334	0.129501549568292	0.0257604888527779	0	-0.129708903112424	-0.0973686620215777	-0.0584193486168334	0.129708903112424	0	-0.0728688361924047	-0.129501549568292	0.0973686620215777	0.0728688361924047	0
0	-0.0957341001561606	0.0982952468186784	-0.0196233572322872	0.0957341001561606	0	0.0139316797543147	-0.215546218452615	-0.0982952468186784	-0.0139316797543147	0	0.135713194676847	0.0196233572322872	0.215546218452615	-0.135713194676847	0
0	0.142510881369932	0.122554040348841	0.0906029984003091	-0.142510881369932	0	0.180397621491409	0.139732822525036	-0.122554040348841	-0.180397621491409	0	-0.0653768221897473	-0.0906029984003091	-0.139732822525036	0.0653768221897473	0
0	-0.0298044309346698	0.0227889159355254	-0.110196066853586	0.0298044309346698	0	-0.0152876134187314	0.0153240989027194	-0.0227889159355254	0.0152876134187314	0	-0.00803697235613743	0.110196066853586	-0.0153240989027194	0.00803697235613743	0
0	0.108786512917098	-0.113407041681784	-0.13226193702402	-0.108786512917098	0	-0.16398676469215	-0.0596182225420729	0.113407041681784	0.16398676469215	0	-0.137223667665664	0.13226193702402	0.0596182225420729	0.137223667665664	0
0	-0.0690636758095731	0.0349371988071855	-0.247057661900726	0.0690636758095731	0	0.151626482654218	0.082093949066794	-0.0349371988071855	-0.151626482654218	0	-0.00247374888384097	0.247057661900726	-0.082093949066794	0.00247374888384097	0
0	-0.166554019594028	-0.0576667890578365	-0.168529149039799	0.166554019594028	0	0.0288021379905153	-0.0413726482656474	0.0576667890578365	-0.0288021379905153	0	-0.0434683480112913	0.168529149039799	0.0413726482656474	0.0434683480112913	0
0	-0.136045241568056	-0.147388073360649	0.00760660506177473	0.136045241568056	0	-0.0596161915513167	-0.0499040402874321	0.147388073360649	0.0596161915513167	0	0.199348612836843	-0.00760660506177473	0.0499040402874321	-0.199348612836843	0
0	-0.0093673914832559	-0.101075873066948	0.0895096739954703	0.0093673914832559	0	-0.185570068857367	0.0152619459090333	0.101075873066948	0.185570068857367	0	-0.0442997430284659	-0.0895096739954703	-0.0152619459090333	0.0442997430284659	0
0	-0.0142136499256351	-0.0293421307320559	-0.111308538541695	0.0142136499256351	0	-0.1385334942851	0.117978009389209	0.0293421307320559	0.1385334942851	0	-0.064781117325739	0.111308538541695	-0.117978009389209	0.064781117325739	0
0	-0.091794167650072	0.0056227249575143	-0.0674931378563505	0.091794167650072	0	-0.0792664351021143	-0.051552005854962	-0.0056227249575143	0.0792664351021143	0	0.0614396661164227	0.0674931378563505	0.051552005854962	-0.0614396661164227	0
0	0.126877457735612	-0.0930928019570093	0.109635966673797	-0.126877457735612	0	0.0223957803127718	-0.265299260813555	0.0930928019570093	-0.0223957803127718	0	0.175303550159326	-0.109635966673797	0.265299260813555	-0.175303550159326	0
0	0.0334162394413708	-0.205354878239505	0.0572973280817195	-0.0334162394413708	0	-0.00238658032824364	0.137561546921308	0.205354878239505	0.00238658032824364	0	0.017815867261188	-0.0572973280817195	-0.137561546921308	-0.017815867261188	0
0	-0.0397203067355565	0.0327074371490771	0.331454711487547	0.0397203067355565	0	-0.0501112925072422	-0.00969940330134067	-0.0327074371490771	0.0501112925072422	0	0.0232248458094223	-0.331454711487547	0.00969940330134067	-0.0232248458094223	0
0	0.0805844135429039	-0.126915248258085	0.024388518676706	-0.0805844135429039	0	0.00534755500544924	-0.15659154856952	0.126915248258085	-0.00534755500544924	0	0.245003150582913	-0.024388518676706	0.15659154856952	-0.245003150582913	0
0	0.123628481903853	0.0756442725574892	-0.109207031363275	-0.123628481903853	0	0.217588220794616	0.0181882751077783	-0.0756442725574892	-0.217588220794616	0	0.203335050888903	0.109207031363275	-0.0181882751077783	-0.203335050888903	0
0	0.0164566461357248	-0.0230073680436913	-0.260649200224625	-0.0164566461357248	0	-0.0796849194162454	0.0410923056597116	0.0230073680436913	0.0796849194162454	0	-0.00534210687825902	0.260649200224625	-0.0410923056597116	0.00534210687825902	0
0	-0.274908594411091	-0.00476049388805168	0.0122768052730831	0.274908594411091	0	-0.0896346765953156	0.0236020021640754	0.00476049388805168	0.0896346765953156	0	0.118570405587382	-0.0122768052730831	-0.0236020021640754	-0.118570405587382	0
0	0.0163107101083115	0.065469437573748	-0.0811517101803118	-0.0163107101083115	0	0.0349486983993688	0.0282159398374848	-0.065469437573748	-0.0349486983993688	0	-0.0193497367485269	0.0811517101803118	-0.0282159398374848	0.0193497367485269	0
0	0.158730099995028	0.0753880371173969	-0.0469270167635228	-0.158730099995028	0	-0.118520079416992	0.166909161262859	-0.0753880371173969	0.118520079416992	0	0.0238199566743308	0.0469270167635228	-0.166909161262859	-0.0238199566743308	0
0	0.107357097685052	0.0380783974984891	-0.115314354409741	-0.107357097685052	0	0.157091972461032	0.114735496499914	-0.0380783974984891	-0.157091972461032	0	0.00445414453298219	0.115314354409741	-0.114735496499914	-0.00445414453298219	0
0	0.138216575132921	0.0367619845936346	-0.243185136323356	-0.138216575132921	0	0.0291528375095777	0.113106581515904	-0.0367619845936346	-0.0291528375095777	0	0.0813763259553067	0.243185136323356	-0.113106581515904	-0.0813763259553067	0
0	-0.164916184729628	0.0286924563600866	0.03988659155065	0.164916184729628	0	-0.179657356500703	-0.237646130406565	-0.0286924563600866	0.179657356500703	0	-0.00210573996675614	-0.03988659155065	0.237646130406565	0.00210573996675614	0
0	-0.0816156234528633	0.0386517914930942	0.0617153221184179	0.0816156234528633	0	0.0455077383278967	-0.223137876969273	-0.0386517914930942	-0.0455077383278967	0	0.140086001563149	-0.0617153221184179	0.223137876969273	-0.140086001563149	0
0	0.0699598761814123	0.00204774218641441	-0.105420907800352	-0.0699598761814123	0	0.0489244486852283	0.0632843067948307	-0.00204774218641441	-0.0489244486852283	0	-0.0020367382390013	0.105420907800352	-0.0632843067948307	0.0020367382390013	0
0	0.100784701064958	-0.164130295202	-0.0848542951495777	-0.100784701064958	0	0.138237377447351	0.119581684648075	0.164130295202	-0.138237377447351	0	-0.0783545828547468	0.0848542951495777	-0.119581684648075	0.0783545828547468	0
0	0.0587708101725746	0.0915825094829388	-0.0629075797893806	-0.0587708101725746	0	-0.0253976003699057	0.0290119064021225	-0.0915825094829388	0.0253976003699057	0	0.095139004035804	0.0629075797893806	-0.0290119064021225	-0.095139004035804	0
0	-0.0565779135005097	0.0871398372212851	0.0600197409261041	0.0565779135005097	0	0.0502400241764479	0.305677799314129	-0.0871398372212851	-0.0502400241764479	0	0.000608892010809128	-0.0600197409261041	-0.305677799314129	-0.000608892010809128	0
0	0.0429356129392531	0.21857034459257	0.0724987368690678	-0.0429356129392531	0	0.358179006559172	0.138159479342274	-0.21857034459257	-0.358179006559172	0	0.0985204978885078	-0.0724987368690678	-0.138159479342274	-0.0985204978885078	0
0	-6.26493723806962e-05	-0.124583979621484	-0.0196621504348351	6.26493723806962e-05	0	-0.0318298929509378	0.0438751380110117	0.124583979621484	0.0318298929509378	0	-0.0989418072620981	0.0196621504348351	-0.0438751380110117	0.0989418072620981	0
0	-0.0666489669289436	-0.0340954768810958	0.172517192812314	0.0666489669289436	0	-0.107426644016266	0.0131890975193899	0.0340954768810958	0.107426644016266	0	0.266636191668612	-0.172517192812314	-0.0131890975193899	-0.266636191668612	0
0	0.120188393934014	0.111760560078223	-0.194122863485746	-0.120188393934014	0	-0.0433758776595163	0.0859440732960317	-0.111760560078223	0.0433758776595163	0	0.0158911972374159	0.194122863485746	-0.0859440732960317	-0.0158911972374159	0
0	-1.858317220948e-08	8.83247243838814e-09	5.15956310757327e-09	1.858317220948e-08	0	0.112866139256834	-0.220048658056557	-8.83247243838814e-09	-0.112866139256834	0	0.231328802572216	-5.15956310757327e-09	0.220048658056557	-0.231328802572216	0
0	-0.0601332090310539	-0.0931205291201029	-0.00523879261351723	0.0601332090310539	0	0.140175583841561	-0.050793773727054	0.0931205291201029	-0.140175583841561	0	-0.14453650621522	0.00523879261351723	0.050793773727054	0.14453650621522	0
0	-0.080741809372227	0.0763065752359034	0.0785127999950823	0.080741809372227	0	-0.021813798807722	-0.0515532072056006	-0.0763065752359034	0.021813798807722	0	0.0159436975149099	-0.0785127999950823	0.0515532072056006	-0.0159436975149099	0
0	0.141340579530999	0.283959454610616	0.0372953558581995	-0.141340579530999	0	0.283575990995159	-0.0757983564156149	-0.283959454610616	-0.283575990995159	0	-0.227109030928761	-0.0372953558581995	0.0757983564156149	0.227109030928761	0
0	0.109805125029824	0.0726777500932477	0.133359981669245	-0.109805125029824	0	0.149579319963807	0.226725699087117	-0.0726777500932477	-0.149579319963807	0	0.0732203688972463	-0.133359981669245	-0.226725699087117	-0.0732203688972463	0
0	1.61459359055899e-08	-1.55728548472125e-08	-6.17930880337392e-09	-1.61459359055899e-08	0	0.105581561082941	0.383823406694627	1.55728548472125e-08	-0.105581561082941	0	-0.122546487428056	6.17930880337392e-09	-0.383823406694627	0.122546487428056	0
0	-0.0559665470071067	0.0745076510102904	0.024355021351819	0.0559665470071067	0	-0.0666548285556579	-0.0354470947049024	-0.0745076510102904	0.0666548285556579	0	-0.049000967583221	-0.024355021351819	0.0354470947049024	0.049000967583221	0
0	-0.0659430246541863	-0.119561801689416	-0.0994055326018029	0.0659430246541863	0	-0.222096625287834	0.00150541690206985	0.119561801689416	0.222096625287834	0	0.220235947005041	0.0994055326018029	-0.00150541690206985	-0.220235947005041	0
0	0.0997987655462535	0.108806704370453	0.290023255430923	-0.0997987655462535	0	-0.0560380174548361	-0.109953592496083	-0.108806704370453	0.0560380174548361	0	0.0964531863461996	-0.290023255430923	0.109953592496083	-0.0964531863461996	0
0	3.10074362213063e-09	7.85159057533662e-09	7.2894674625527e-09	-3.10074362213063e-09	0	-0.0758579955025512	0.13514463422524	-7.85159057533662e-09	0.0758579955025512	0	0.01566608374518	-7.2894674625527e-09	-0.13514463422524	-0.01566608374518	0
0	-0.0964673847263823	0.0412829813138611	0.0473873613155109	0.0964673847263823	0	-0.0629729696846499	-0.041894122876084	-0.0412829813138611	0.0629729696846499	0	0.16863491155937	-0.0473873613155109	0.041894122876084	-0.16863491155937	0
0	-0.110706656391994	-0.0434851312665695	0.0950648242967859	0.110706656391994	0	0.22165253112588	0.100857517758817	0.0434851312665695	-0.22165253112588	0	0.229951486307594	-0.0950648242967859	-0.100857517758817	-0.229951486307594	0
0	-1.99946399807715e-09	7.42658056428655e-09	9.91941879565547e-09	1.99946399807715e-09	0	-0.170292801312866	-0.244335067244285	-7.42658056428655e-09	0.170292801312866	0	-0.306278079955157	-9.91941879565547e-09	0.244335067244285	0.306278079955157	0
0	-0.0655438765025083	-0.143059388708969	-0.126200260972191	0.0655438765025083	0	-0.0564242951558392	0.0129714332717775	0.143059388708969	0.0564242951558392	0	0.136953209468586	0.126200260972191	-0.0129714332717775	-0.136953209468586	0
0	-1.43662703078989e-08	2.60153788271812e-10	-8.67179294239373e-11	1.43662703078989e-08	0	-0.230417456288853	-0.133690714631998	-2.60153788271812e-10	0.230417456288853	0	0.206419318463195	8.67179294239373e-11	0.133690714631998	-0.206419318463195	0
0	0.0127896034758647	0.26244749895719	-1.30730685773538e-09	-0.0127896034758647	0	0.0636419157366698	6.91005053374414e-09	-0.26244749895719	-0.0636419157366698	0	-1.36706945694614e-08	1.30730685773538e-09	-6.91005053374414e-09	1.36706945694614e-08	0
0	0.00786974065090077	-0.0899972618853006	-0.0292088201437841	-0.00786974065090077	0	0.00965319231897551	0.274405753994239	0.0899972618853006	-0.00965319231897551	0	0.155567287019423	0.0292088201437841	-0.274405753994239	-0.155567287019423	0
0	0.0562296407351577	-0.126246056394865	-0.0191371826064055	-0.0562296407351577	0	0.0862022633601204	0.195503846035957	0.126246056394865	-0.0862022633601204	0	-0.0746436107361694	0.0191371826064055	-0.195503846035957	0.0746436107361694	0
0	-0.0474425781645368	-0.129775804012092	-0.0536048968888129	0.0474425781645368	0	0.20771708780607	0.119733400128009	0.129775804012092	-0.20771708780607	0	-0.0116763468992837	0.0536048968888129	-0.119733400128009	0.0116763468992837	0
0	7.5415994021143e-09	-1.03179024787168e-08	8.99190697944397e-09	-7.5415994021143e-09	0	-0.0953832557914502	0.182901129771026	1.03179024787168e-08	0.0953832557914502	0	0.00142687288593479	-8.99190697944397e-09	-0.182901129771026	-0.00142687288593479	0
0	-0.160919748705483	0.0315026379234135	0.0276046097709451	0.160919748705483	0	-0.0834837789736193	0.130730416853758	-0.0315026379234135	0.0834837789736193	0	-0.0399136150961957	-0.0276046097709451	-0.130730416853758	0.0399136150961957	0
0	-3.44108567934052e-09	-6.96892141782409e-09	6.24600425829877e-09	3.44108567934052e-09	0	0.0477235363977565	0.0360416929584167	6.96892141782409e-09	-0.0477235363977565	0	0.203906141567215	-6.24600425829877e-09	-0.0360416929584167	-0.203906141567215	0
0	0.00478552410429772	-0.0416061699721864	0.0290521012320735	-0.00478552410429772	0	-0.0819647637545877	-0.143660127079774	0.0416061699721864	0.0819647637545877	0	-0.0967488529211085	-0.0290521012320735	0.143660127079774	0.0967488529211085	0
0	-3.32655853820515e-10	-4.23380177589746e-09	-8.22567202174365e-09	3.32655853820515e-10	0	0.0413098277176404	0.037491668423207	4.23380177589746e-09	-0.0413098277176404	0	-0.123253615035139	8.22567202174365e-09	-0.037491668423207	0.123253615035139	0
